36
37
36
36
36
36
37
36
36
36
36
35
35
35
36
37
37
37
37
37
35
35
35
35
34
35
35
34
35
35
34
33
33
34
35
35
35
35
35
35
36
42
35
32
32
32
33
39
37
37
37
37
37
36
36
39
40
42
33
32
32
31
32
32
32
32
33
40
41
41
37
37
37
37
36
34
33
33
34
42
41
40
39
37
35
36
37
38
39
39
39
38
38
37
36
35
36
47
48
49
48
50
51
50
50
50
49
48
49
51
51
50
49
49
51
58
50
50
51
52
44
44
42
42
41
41
40
39
37
35
36
36
37
36
35
34
33
33
34
33
33
33
33
32
33
33
32
32
33
32
32
33
32
32
33
33
32
32
32
32
32
32
32
32
32
32
32
32
47
38
35
34
34
34
34
34
35
36
36
36
starting layer 2
36
36
36
36
36
36
36
36
36
35
37
38
37
35
35
36
36
36
37
37
36
36
36
34
34
35
35
35
34
34
34
34
34
33
33
34
35
36
39
35
34
34
35
35
34
34
32
32
32
37
36
35
36
37
39
40
40
41
40
41
42
32
32
33
33
40
41
41
41
41
37
37
37
37
37
34
33
42
41
41
40
40
40
39
37
35
36
36
37
39
39
39
39
38
37
35
35
36
49
49
50
51
51
51
51
50
49
49
49
50
51
50
49
49
50
56
50
50
51
52
53
54
45
44
44
43
41
41
39
35
35
37
38
36
35
34
34
34
34
33
33
33
33
33
33
33
33
33
32
33
32
33
32
33
33
33
32
32
32
32
32
32
32
32
32
32
32
33
33
48
38
35
34
34
34
34
35
36
37
36
starting layer 3
36
36
36
36
36
37
37
36
36
36
38
38
37
36
35
36
36
36
39
42
53
39
37
37
37
37
36
36
36
36
36
34
33
34
34
34
35
36
43
43
41
38
37
36
36
35
33
33
33
32
42
37
35
36
37
39
39
40
40
40
40
32
32
32
32
33
34
45
44
43
41
39
39
39
39
39
40
53
53
56
43
42
43
42
42
41
37
36
37
38
39
39
39
39
39
37
38
38
39
41
51
51
51
51
50
49
49
49
50
55
53
51
50
50
49
51
53
58
50
50
51
52
52
53
53
53
52
51
58
57
41
41
40
40
39
36
35
35
36
35
34
34
34
34
34
34
33
33
33
33
32
32
32
32
32
32
33
33
32
32
32
32
32
32
32
32
32
32
33
46
48
41
36
35
34
34
34
36
36
36
starting layer 4
38
38
38
38
38
39
40
40
40
39
41
41
39
38
38
38
37
37
38
42
52
45
42
41
41
41
42
45
52
50
39
36
35
35
35
36
39
45
45
44
43
43
43
44
38
36
35
35
45
45
45
44
43
43
43
42
42
41
40
39
39
34
34
34
34
42
44
52
52
41
40
40
41
42
42
47
48
47
48
59
61
61
48
46
44
44
54
51
39
41
41
41
41
42
49
49
49
49
50
50
51
51
51
52
50
50
50
49
50
51
55
45
52
52
52
53
54
58
43
43
50
50
46
43
43
43
43
43
42
42
41
41
41
41
41
41
41
41
40
39
36
36
35
35
34
35
34
33
33
33
34
33
33
33
33
33
33
32
32
33
33
33
33
33
33
33
33
34
34
35
39
43
43
46
37
36
35
35
35
37
starting layer 5
41
40
42
41
42
43
59
59
60
56
54
54
40
40
57
39
39
52
53
53
53
45
45
44
44
44
46
51
52
52
44
43
52
51
38
38
38
40
42
43
43
43
43
44
43
42
40
37
36
44
44
43
43
43
43
42
42
40
41
40
40
39
38
39
41
42
43
44
50
50
50
43
41
41
41
41
53
53
53
52
53
56
55
55
54
55
58
57
58
46
48
58
52
53
53
52
52
52
51
52
52
53
52
52
52
50
51
50
50
51
51
51
50
48
49
53
53
51
51
51
46
45
44
44
45
43
43
42
42
42
42
42
42
42
42
41
42
41
41
42
41
41
41
36
35
35
36
35
35
35
35
35
35
35
35
35
35
35
34
34
33
34
34
47
48
71
34
35
36
37
46
46
50
56
50
48
49
38
38
53
starting layer 6
56
55
56
56
56
55
55
55
56
57
58
57
57
54
54
53
54
54
53
53
53
53
54
54
53
53
52
52
51
44
44
51
51
51
38
39
42
45
45
44
43
43
43
43
42
42
41
43
44
43
40
40
42
42
43
43
43
43
43
43
41
39
39
43
44
52
51
53
52
52
51
45
42
42
41
41
41
42
43
51
51
51
52
54
53
51
52
52
52
52
51
52
52
52
41
41
52
53
53
53
52
52
52
51
52
53
54
56
55
54
53
53
53
54
56
56
52
51
51
51
51
51
50
52
52
53
52
57
57
56
55
53
53
53
55
59
49
48
48
47
47
47
47
46
46
45
44
43
37
37
36
37
37
38
38
38
38
39
39
49
49
48
47
46
47
48
49
50
50
49
51
52
52
54
56
71
70
70
70
52
starting layer 7
58
58
59
59
58
58
58
59
58
57
55
55
55
54
55
55
54
52
53
53
53
52
52
52
52
52
52
52
52
53
52
52
52
47
45
45
47
47
47
46
45
44
44
43
43
42
43
45
45
43
42
43
43
44
44
44
44
44
45
46
48
49
50
49
46
44
44
44
44
50
51
51
51
51
52
44
43
42
42
43
42
42
42
52
55
53
53
59
59
60
52
52
44
43
52
52
51
51
52
52
52
52
51
51
50
51
51
51
50
51
51
54
54
53
51
52
55
56
56
55
55
55
55
54
53
53
52
50
49
48
49
48
48
48
48
47
47
47
47
47
47
47
46
46
45
45
46
45
46
49
42
40
39
39
39
38
38
39
40
41
45
46
46
46
45
45
45
45
48
48
49
50
50
53
54
71
70
59
58
71
starting layer 8
57
57
57
56
57
56
56
56
56
56
57
57
56
56
55
54
54
54
54
53
52
53
52
53
52
52
52
52
52
52
52
52
52
52
52
52
51
52
51
51
51
51
51
50
51
51
51
51
51
51
51
51
51
51
51
50
50
49
49
50
50
50
50
50
50
51
45
45
45
45
45
45
45
50
51
51
52
52
51
51
53
55
54
53
44
44
53
53
52
53
63
59
57
56
56
57
52
51
51
51
51
51
54
58
59
54
53
52
52
52
52
52
51
52
53
55
54
52
56
55
53
53
51
50
50
49
50
49
48
48
48
48
48
48
48
48
48
47
47
47
46
46
47
46
46
47
46
47
46
46
45
46
44
44
44
43
43
42
44
46
46
48
53
54
54
54
55
55
56
58
61
71
60
60
71
71
54
53
51
50
starting layer 9
58
57
57
58
57
57
57
57
57
57
56
56
55
55
55
54
54
53
53
53
53
52
52
52
52
52
53
53
52
52
52
52
52
52
52
52
52
52
52
51
52
52
51
51
50
50
50
50
50
49
48
48
47
47
47
47
46
46
51
51
44
44
45
46
49
50
51
51
51
49
50
51
55
57
52
52
51
45
44
47
54
52
55
55
56
58
55
55
54
52
52
51
49
48
48
48
50
63
62
60
57
56
55
54
54
53
52
52
52
55
57
58
58
58
60
54
53
53
53
56
58
58
59
49
50
50
50
50
51
50
60
60
49
48
48
48
48
48
47
47
47
47
47
46
46
46
46
46
45
46
46
46
46
47
46
47
47
47
46
45
45
45
45
46
46
47
47
47
48
48
49
71
72
55
53
54
54
74
73
95
starting layer 10
56
57
57
57
57
57
57
57
57
57
57
56
56
55
55
54
54
54
53
53
53
53
53
53
53
53
53
52
52
52
52
52
51
51
52
52
52
52
52
51
51
51
51
51
51
51
51
51
51
52
51
52
51
51
51
51
51
51
51
50
50
50
50
51
51
51
52
52
52
52
51
51
51
51
52
51
51
50
50
51
53
56
59
51
52
63
69
68
67
54
55
54
56
56
57
58
58
57
52
52
61
60
59
59
54
53
62
60
59
57
56
56
56
58
57
59
60
61
51
52
52
54
62
60
59
59
50
49
49
48
48
48
48
48
48
48
47
47
46
47
46
47
46
47
47
48
48
47
47
47
47
46
47
46
46
46
46
46
46
46
47
47
47
47
47
48
61
88
87
88
97
74
74
74
73
74
74
96
73
73
